//===== eAthena Script ========================================
//= Castillo De Los Dioses Spawn Script
//===== By: ==================================================
//= Ziu
//===== Current Version: =====================================
//= 1.0
//===== Compatible With: =====================================
//= eAthena TRUNK 14008+ (client up time 2009) data Ver. 116+
//===== Description: =========================================
//= monster spawn in event map.
//===== Additional Comments: =================================
//= 1.0 Spawns [Ziu]
//============================================================

//===============[Entrada Principal Castillo]============
castl_god00,54,171,0,0	monster	Guardian	1830,2,21600000,21600000,0
castl_god00,67,184,0,0	monster	Guardian	1830,1,21600000,21600000,0
castl_god00,94,215,0,0	monster	Guardian	1830,1,21600000,21600000,0
castl_god00,106,214,0,0	monster	Guardian	1830,3,21600000,21600000,0
castl_god00,105,237,0,0	monster	Guardian	1830,1,21600000,21600000,0
castl_god00,76,240,0,0	monster	Guardian	1830,1,21600000,21600000,0
castl_god00,58,251,0,0	monster	Guardian	1830,3,21600000,21600000,0
castl_god00,43,226,0,0	monster	Guardian	1830,5,21600000,21600000,0
castl_god00,40,189,0,0	monster	Guardian	1830,1,21600000,21600000,0
castl_god00,17,203,0,0	monster	Guardian	1830,1,21600000,21600000,0
castl_god00,43,274,0,0	monster	Guardian	1830,4,21600000,21600000,0
castl_god00,65,214,0,0	monster	Guardian	1830,1,21600000,21600000,0
castl_god00,85,251,0,0	monster	Kai-n-Tiku	1960,1,21600000,21600000,0
castl_god00,78,250,0,0	monster	Kai-n-Tiku	1960,1,21600000,21600000,0
castl_god00,78,249,0,0	monster	Kai-n-Tiku	1959,1,21600000,21600000,0
castl_god00,78,248,0,0	monster	Kai-n-Tiku	1960,1,21600000,21600000,0
castl_god00,60,172,0,0	monster	Guardian	1839,2,21600000,21600000,0
castl_god00,81,196,0,0	monster	Guardian	1839,2,21600000,21600000,0
castl_god00,97,236,0,0	monster	Guardian	1839,3,21600000,21600000,0
castl_god00,69,202,0,0	monster	Guardian	1839,4,21600000,21600000,0
castl_god00,30,180,0,0	monster	Guardian	1839,4,21600000,21600000,0
castl_god00,47,208,0,0	monster	Guardian	2313,5,21600000,21600000,0
castl_god00,45,255,0,0	monster	Guardian	2309,3,21600000,21600000,0


//===============[Entrada Mazmorras]============
castl_god02,172,41,0,0	monster	Guardian	2311,1,21600000,21600000,0
castl_god02,175,40,0,0	monster	Guardian	2311,1,21600000,21600000,0
castl_god02,172,39,0,0	monster	Guardian	2311,1,21600000,21600000,0
castl_god02,175,38,0,0	monster	Guardian	2311,1,21600000,21600000,0
castl_god02,172,37,0,0	monster	Guardian	2311,1,21600000,21600000,0
castl_god02,175,36,0,0	monster	Guardian	2311,1,21600000,21600000,0
castl_god02,172,35,0,0	monster	Guardian	2311,1,21600000,21600000,0
castl_god02,175,34,0,0	monster	Guardian	2311,1,21600000,21600000,0
castl_god02,172,33,0,0	monster	Guardian	2311,1,21600000,21600000,0
castl_god02,175,32,0,0	monster	Guardian	2311,1,21600000,21600000,0
castl_god02,172,31,0,0	monster	Guardian	2311,1,21600000,21600000,0
castl_god02,175,30,0,0	monster	Guardian	2311,1,21600000,21600000,0
castl_god02,156,62,0,0	monster	Guardian	2311,1,21600000,21600000,0
castl_god02,159,63,0,0	monster	Guardian	2311,1,21600000,21600000,0
castl_god02,156,64,0,0	monster	Guardian	2311,1,21600000,21600000,0
castl_god02,159,65,0,0	monster	Guardian	2311,1,21600000,21600000,0
castl_god02,156,66,0,0	monster	Guardian	2311,1,21600000,21600000,0
castl_god02,159,67,0,0	monster	Guardian	2311,1,21600000,21600000,0
castl_god02,156,68,0,0	monster	Guardian	2311,1,21600000,21600000,0
castl_god02,159,69,0,0	monster	Guardian	2311,1,21600000,21600000,0
castl_god02,156,70,0,0	monster	Guardian	2311,1,21600000,21600000,0
castl_god02,159,71,0,0	monster	Guardian	2311,1,21600000,21600000,0
castl_god02,156,72,0,0	monster	Guardian	2311,1,21600000,21600000,0
castl_god02,159,73,0,0	monster	Guardian	2311,1,21600000,21600000,0
castl_god02,156,142,0,0	monster	Guardian	2311,1,21600000,21600000,0
castl_god02,159,143,0,0	monster	Guardian	2311,1,21600000,21600000,0
castl_god02,156,144,0,0	monster	Guardian	2311,1,21600000,21600000,0
castl_god02,159,145,0,0	monster	Guardian	2311,1,21600000,21600000,0
castl_god02,156,146,0,0	monster	Guardian	2311,1,21600000,21600000,0
castl_god02,159,147,0,0	monster	Guardian	2311,1,21600000,21600000,0
castl_god02,156,148,0,0	monster	Guardian	2311,1,21600000,21600000,0
castl_god02,159,149,0,0	monster	Guardian	2311,1,21600000,21600000,0
castl_god02,156,150,0,0	monster	Guardian	2311,1,21600000,21600000,0
castl_god02,159,151,0,0	monster	Guardian	2311,1,21600000,21600000,0
castl_god02,156,152,0,0	monster	Guardian	2311,1,21600000,21600000,0
castl_god02,159,153,0,0	monster	Guardian	2311,1,21600000,21600000,0
castl_god02,43,110,0,0	monster	Guardian	2311,1,21600000,21600000,0
castl_god02,46,111,0,0	monster	Guardian	2311,1,21600000,21600000,0
castl_god02,43,112,0,0	monster	Guardian	2311,1,21600000,21600000,0
castl_god02,46,113,0,0	monster	Guardian	2311,1,21600000,21600000,0
castl_god02,43,114,0,0	monster	Guardian	2311,1,21600000,21600000,0
castl_god02,46,115,0,0	monster	Guardian	2311,1,21600000,21600000,0
castl_god02,43,116,0,0	monster	Guardian	2311,1,21600000,21600000,0
castl_god02,46,117,0,0	monster	Guardian	2311,1,21600000,21600000,0
castl_god02,43,118,0,0	monster	Guardian	2311,1,21600000,21600000,0
castl_god02,46,119,0,0	monster	Guardian	2311,1,21600000,21600000,0
castl_god02,43,120,0,0	monster	Guardian	2311,1,21600000,21600000,0
castl_god02,46,121,0,0	monster	Guardian	2311,1,21600000,21600000,0
castl_god02,27,30,0,0	monster	Guardian	2311,1,21600000,21600000,0
castl_god02,30,31,0,0	monster	Guardian	2311,1,21600000,21600000,0
castl_god02,27,32,0,0	monster	Guardian	2311,1,21600000,21600000,0
castl_god02,30,33,0,0	monster	Guardian	2311,1,21600000,21600000,0
castl_god02,27,34,0,0	monster	Guardian	2311,1,21600000,21600000,0
castl_god02,30,35,0,0	monster	Guardian	2311,1,21600000,21600000,0
castl_god02,27,36,0,0	monster	Guardian	2311,1,21600000,21600000,0
castl_god02,30,37,0,0	monster	Guardian	2311,1,21600000,21600000,0
castl_god02,27,38,0,0	monster	Guardian	2311,1,21600000,21600000,0
castl_god02,30,39,0,0	monster	Guardian	2311,1,21600000,21600000,0
castl_god02,27,40,0,0	monster	Guardian	2311,1,21600000,21600000,0
castl_god02,30,41,0,0	monster	Guardian	2311,1,21600000,21600000,0
castl_god02,0,0,0,0	monster	真??	1209,150,18000000,18000000,0
castl_god02,0,0,0,0	monster	真??	1738,45,600000,0,0
castl_god02,0,0,0,0	monster	真??	1738,30,600000,0,0
castl_god02,0,0,0,0	monster	真??	2314,45,18000000,18000000,0
castl_god02,0,0,0,0	monster	真??	2315,60,18000000,18000000,0

//===============[Mazmorras B1]============
castl_god03,0,0,0,0	monster	真??	1709,40,18000000,18000000,0
castl_god03,0,0,0,0	monster	真??	2955,40,18000000,18000000,0
castl_god03,0,0,0,0	monster	真??	1706,3,18000000,18000000,0
castl_god03,0,0,0,0	monster	真??	1704,3,18000000,18000000,0
castl_god03,0,0,0,0	monster	真??	2954,20,900000,900000,0
castl_god03,0,0,0,0	monster	真??	2953,40,900000,900000,0
castl_god03,0,0,0,0	monster	真??	1295,40,900000,900000,0
castl_god03,0,0,0,0	monster	真??	1702,40,900000,900000,0
castl_god03,0,0,0,0	monster	真??	2952,40,900000,900000,0
castl_god03,0,0,0,0	monster	真??	1701,40,900000,900000,0


//===============[Mazmorras B2]============
//va por script

//===============[Adarve]============
castl_god01,314,77,0,0	monster	真??	1829,8,18000000,18000000,0
castl_god01,314,77,0,0	monster	真??	1830,8,18000000,18000000,0
castl_god01,325,178,0,0	monster	真??	1693,20,18000000,18000000,0
castl_god01,325,179,0,0	monster	真??	1694,20,18000000,18000000,0
castl_god01,325,178,0,0	monster	真??	1695,20,18000000,18000000,0
castl_god01,325,179,0,0	monster	真??	1696,20,18000000,18000000,0
castl_god01,325,178,0,0	monster	真??	1697,20,18000000,18000000,0
castl_god01,291,199,0,0	monster	真??	1705,2,18000000,18000000,0
castl_god01,301,233,0,0	monster	真??	1918,2,18000000,18000000,0
castl_god01,334,229,0,0	monster	真??	1634,1,18000000,18000000,0
castl_god01,334,229,0,0	monster	真??	1641,1,18000000,18000000,0
castl_god01,291,123,0,0	monster	真??	1835,45,18000000,18000000,0
castl_god01,291,123,0,0	monster	真??	1834,45,18000000,18000000,0
castl_god01,288,42,0,0	monster	真??	1720,2,18000000,18000000,0
castl_god01,248,36,0,0	monster	真??	1645,1,18000000,18000000,0
castl_god01,233,44,0,0	monster	真??	1638,1,18000000,18000000,0
castl_god01,232,66,0,0	monster	真??	1839,2,18000000,18000000,0
castl_god01,270,41,0,0	monster	真??	1830,2,18000000,18000000,0
castl_god01,281,94,0,0	monster	真??	1830,5,18000000,18000000,0
castl_god01,288,108,0,0	monster	真??	1830,5,18000000,18000000,0
castl_god01,232,164,0,0	monster	真??	1918,2,18000000,18000000,0
castl_god01,232,164,0,0	monster	真??	1919,5,18000000,18000000,0
castl_god01,232,164,0,0	monster	真??	1920,5,18000000,18000000,0
castl_god01,232,164,0,0	monster	真??	1921,5,18000000,18000000,0
castl_god01,233,227,0,0	monster	真??	1762,55,18000000,18000000,0
castl_god01,233,227,0,0	monster	真??	1761,55,18000000,18000000,0
castl_god01,233,227,0,0	monster	真??	1979,30,18000000,18000000,0
castl_god01,228,216,0,0	monster	真??	1765,1,18000000,18000000,0
castl_god01,209,134,0,0	boss_monster	真??	1980,1,18000000,18000000,0
castl_god01,160,138,0,0	monster	真??	1641,1,18000000,18000000,0
castl_god01,162,138,0,0	monster	真??	1642,1,18000000,18000000,0
castl_god01,164,138,0,0	monster	真??	1643,1,18000000,18000000,0
castl_god01,166,138,0,0	monster	真??	1644,1,18000000,18000000,0
castl_god01,167,138,0,0	monster	真??	1645,1,18000000,18000000,0
castl_god01,216,177,0,0	monster	真??	1988,1,18000000,18000000,0
castl_god01,217,177,0,0	monster	真??	1988,1,18000000,18000000,0
castl_god01,218,177,0,0	monster	真??	1988,1,18000000,18000000,0
castl_god01,219,177,0,0	monster	真??	1988,1,18000000,18000000,0
castl_god01,220,177,0,0	monster	真??	1988,1,18000000,18000000,0
castl_god01,221,177,0,0	monster	真??	1988,1,18000000,18000000,0
castl_god01,222,177,0,0	monster	真??	1988,1,18000000,18000000,0
castl_god01,223,177,0,0	monster	真??	1988,1,18000000,18000000,0
castl_god01,224,177,0,0	monster	真??	1988,1,18000000,18000000,0
castl_god01,225,177,0,0	monster	真??	1988,1,18000000,18000000,0
castl_god01,216,178,0,0	monster	真??	1988,1,18000000,18000000,0
castl_god01,217,178,0,0	monster	真??	1988,1,18000000,18000000,0
castl_god01,218,178,0,0	monster	真??	1988,1,18000000,18000000,0
castl_god01,219,178,0,0	monster	真??	1988,1,18000000,18000000,0
castl_god01,220,178,0,0	monster	真??	1988,1,18000000,18000000,0
castl_god01,221,178,0,0	monster	真??	1988,1,18000000,18000000,0
castl_god01,222,178,0,0	monster	真??	1988,1,18000000,18000000,0
castl_god01,223,178,0,0	monster	真??	1988,1,18000000,18000000,0
castl_god01,224,178,0,0	monster	真??	1988,1,18000000,18000000,0
castl_god01,225,178,0,0	monster	真??	1988,1,18000000,18000000,0
castl_god01,216,179,0,0	monster	真??	1988,1,18000000,18000000,0
castl_god01,217,179,0,0	monster	真??	1988,1,18000000,18000000,0
castl_god01,218,179,0,0	monster	真??	1988,1,18000000,18000000,0
castl_god01,219,179,0,0	monster	真??	1988,1,18000000,18000000,0
castl_god01,220,179,0,0	monster	真??	1988,1,18000000,18000000,0
castl_god01,221,179,0,0	monster	真??	1988,1,18000000,18000000,0
castl_god01,222,179,0,0	monster	真??	1988,1,18000000,18000000,0
castl_god01,223,179,0,0	monster	真??	1988,1,18000000,18000000,0
castl_god01,224,179,0,0	monster	真??	1988,1,18000000,18000000,0
castl_god01,225,179,0,0	monster	真??	1988,1,18000000,18000000,0
castl_god01,216,180,0,0	monster	真??	1988,1,18000000,18000000,0
castl_god01,217,180,0,0	monster	真??	1988,1,18000000,18000000,0
castl_god01,218,180,0,0	monster	真??	1988,1,18000000,18000000,0
castl_god01,219,180,0,0	monster	真??	1988,1,18000000,18000000,0
castl_god01,220,180,0,0	monster	真??	1988,1,18000000,18000000,0
castl_god01,221,180,0,0	monster	真??	1988,1,18000000,18000000,0
castl_god01,222,180,0,0	monster	真??	1988,1,18000000,18000000,0
castl_god01,223,180,0,0	monster	真??	1988,1,18000000,18000000,0
castl_god01,224,180,0,0	monster	真??	1988,1,18000000,18000000,0
castl_god01,225,180,0,0	monster	真??	1988,1,18000000,18000000,0
castl_god01,216,181,0,0	monster	真??	1988,1,18100000,18100000,0
castl_god01,217,181,0,0	monster	真??	1988,1,18100000,18100000,0
castl_god01,218,181,0,0	monster	真??	1988,1,18100000,18100000,0
castl_god01,219,181,0,0	monster	真??	1988,1,18100000,18100000,0
castl_god01,220,181,0,0	monster	真??	1988,1,18100000,18100000,0
castl_god01,221,181,0,0	monster	真??	1988,1,18100000,18100000,0
castl_god01,222,181,0,0	monster	真??	1988,1,18100000,18100000,0
castl_god01,223,181,0,0	monster	真??	1988,1,18100000,18100000,0
castl_god01,224,181,0,0	monster	真??	1988,1,18100000,18100000,0
castl_god01,225,181,0,0	monster	真??	1988,1,18100000,18100000,0
castl_god01,216,182,0,0	monster	真??	1988,1,18200000,18200000,0
castl_god01,217,182,0,0	monster	真??	1988,1,18200000,18200000,0
castl_god01,218,182,0,0	monster	真??	1988,1,18200000,18200000,0
castl_god01,219,182,0,0	monster	真??	1988,1,18200000,18200000,0
castl_god01,220,182,0,0	monster	真??	1988,1,18200000,18200000,0
castl_god01,221,182,0,0	monster	真??	1988,1,18200000,18200000,0
castl_god01,222,182,0,0	monster	真??	1988,1,18200000,18200000,0
castl_god01,223,182,0,0	monster	真??	1988,1,18200000,18200000,0
castl_god01,224,182,0,0	monster	真??	1988,1,18200000,18200000,0
castl_god01,225,182,0,0	monster	真??	1988,1,18200000,18200000,0
castl_god01,216,183,0,0	monster	真??	1988,1,18300000,18300000,0
castl_god01,217,183,0,0	monster	真??	1988,1,18300000,18300000,0
castl_god01,218,183,0,0	monster	真??	1988,1,18300000,18300000,0
castl_god01,219,183,0,0	monster	真??	1988,1,18300000,18300000,0
castl_god01,220,183,0,0	monster	真??	1988,1,18300000,18300000,0
castl_god01,221,183,0,0	monster	真??	1988,1,18300000,18300000,0
castl_god01,222,183,0,0	monster	真??	1988,1,18300000,18300000,0
castl_god01,223,183,0,0	monster	真??	1988,1,18300000,18300000,0
castl_god01,224,183,0,0	monster	真??	1988,1,18300000,18300000,0
castl_god01,225,183,0,0	monster	真??	1988,1,18300000,18300000,0
castl_god01,216,184,0,0	monster	真??	1988,1,18400000,18400000,0
castl_god01,217,184,0,0	monster	真??	1988,1,18400000,18400000,0
castl_god01,218,184,0,0	monster	真??	1988,1,18400000,18400000,0
castl_god01,219,184,0,0	monster	真??	1988,1,18400000,18400000,0
castl_god01,220,184,0,0	monster	真??	1988,1,18400000,18400000,0
castl_god01,221,184,0,0	monster	真??	1988,1,18400000,18400000,0
castl_god01,222,184,0,0	monster	真??	1988,1,18400000,18400000,0
castl_god01,223,184,0,0	monster	真??	1988,1,18400000,18400000,0
castl_god01,224,184,0,0	monster	真??	1988,1,18400000,18400000,0
castl_god01,225,184,0,0	monster	真??	1988,1,18400000,18400000,0
castl_god01,216,185,0,0	monster	真??	1988,1,18500000,18500000,0
castl_god01,217,185,0,0	monster	真??	1988,1,18500000,18500000,0
castl_god01,218,185,0,0	monster	真??	1988,1,18500000,18500000,0
castl_god01,219,185,0,0	monster	真??	1988,1,18500000,18500000,0
castl_god01,220,185,0,0	monster	真??	1988,1,18500000,18500000,0
castl_god01,221,185,0,0	monster	真??	1988,1,18500000,18500000,0
castl_god01,222,185,0,0	monster	真??	1988,1,18500000,18500000,0
castl_god01,223,185,0,0	monster	真??	1988,1,18500000,18500000,0
castl_god01,224,185,0,0	monster	真??	1988,1,18500000,18500000,0
castl_god01,225,185,0,0	monster	真??	1988,1,18500000,18500000,0
castl_god01,216,186,0,0	monster	真??	1988,1,18600000,18600000,0
castl_god01,217,186,0,0	monster	真??	1988,1,18600000,18600000,0
castl_god01,218,186,0,0	monster	真??	1988,1,18600000,18600000,0
castl_god01,219,186,0,0	monster	真??	1988,1,18600000,18600000,0
castl_god01,220,186,0,0	monster	真??	1988,1,18600000,18600000,0
castl_god01,221,186,0,0	monster	真??	1988,1,18600000,18600000,0
castl_god01,222,186,0,0	monster	真??	1988,1,18600000,18600000,0
castl_god01,223,186,0,0	monster	真??	1988,1,18600000,18600000,0
castl_god01,224,186,0,0	monster	真??	1988,1,18600000,18600000,0
castl_god01,225,186,0,0	monster	真??	1988,1,18600000,18600000,0
castl_god01,216,187,0,0	monster	真??	1988,1,18700000,18700000,0
castl_god01,217,187,0,0	monster	真??	1988,1,18700000,18700000,0
castl_god01,218,187,0,0	monster	真??	1988,1,18700000,18700000,0
castl_god01,219,187,0,0	monster	真??	1988,1,18700000,18700000,0
castl_god01,220,187,0,0	monster	真??	1988,1,18700000,18700000,0
castl_god01,221,187,0,0	monster	真??	1988,1,18700000,18700000,0
castl_god01,222,187,0,0	monster	真??	1988,1,18700000,18700000,0
castl_god01,223,187,0,0	monster	真??	1988,1,18700000,18700000,0
castl_god01,224,187,0,0	monster	真??	1988,1,18700000,18700000,0
castl_god01,225,187,0,0	monster	真??	1988,1,18700000,18700000,0
castl_god01,216,188,0,0	monster	真??	1988,1,18800000,18800000,0
castl_god01,217,188,0,0	monster	真??	1988,1,18800000,18800000,0
castl_god01,218,188,0,0	monster	真??	1988,1,18800000,18800000,0
castl_god01,219,188,0,0	monster	真??	1988,1,18800000,18800000,0
castl_god01,220,188,0,0	monster	真??	1988,1,18800000,18800000,0
castl_god01,221,188,0,0	monster	真??	1988,1,18800000,18800000,0
castl_god01,222,188,0,0	monster	真??	1988,1,18800000,18800000,0
castl_god01,223,188,0,0	monster	真??	1988,1,18800000,18800000,0
castl_god01,224,188,0,0	monster	真??	1988,1,18800000,18800000,0
castl_god01,225,188,0,0	monster	真??	1988,1,18800000,18800000,0
castl_god01,216,189,0,0	monster	真??	1988,1,18900000,18900000,0
castl_god01,217,189,0,0	monster	真??	1988,1,18900000,18900000,0
castl_god01,218,189,0,0	monster	真??	1988,1,18900000,18900000,0
castl_god01,219,189,0,0	monster	真??	1988,1,18900000,18900000,0
castl_god01,220,189,0,0	monster	真??	1988,1,18900000,18900000,0
castl_god01,221,189,0,0	monster	真??	1988,1,18900000,18900000,0
castl_god01,222,189,0,0	monster	真??	1988,1,18900000,18900000,0
castl_god01,223,189,0,0	monster	真??	1988,1,18900000,18900000,0
castl_god01,224,189,0,0	monster	真??	1988,1,18900000,18900000,0
castl_god01,225,189,0,0	monster	真??	1988,1,18900000,18900000,0

//===============[Adarve B1]============
castl_god05,0,0,0,0	monster	真??	1733,5,18900000,18900000,0
castl_god05,0,0,0,0	monster	真??	1147,1,18900000,18900000,0
castl_god05,0,0,0,0	monster	真??	1418,1,18900000,18900000,0
castl_god05,0,0,0,0	monster	真??	1623,1,18900000,18900000,0
castl_god05,0,0,0,0	monster	真??	1390,45,18900000,18900000,0
castl_god05,0,0,0,0	monster	真??	1974,45,21600000,21600000,0
castl_god05,0,0,0,0	monster	真??	1975,45,21600000,21600000,0










